[General]
pos_x=-987.2002498072046
pos_y=-694.0664112509537
pos_z=1689.8608288761695
focal_pos_x=-8.34737956215929
focal_pos_y=-13.248021110059085
focal_pos_z=-10.21432107316059
view_up_x=0.15119961614984034
view_up_y=-0.9446279880262692
view_up_z=-0.29123296570543566
view_angle=12.125801666354377
