%YAML:1.0
---
mat_camera: !!opencv-matrix
   rows: 3
   cols: 3
   dt: d
   data: [ 5.6489607217985767e+03, 0., 7.9950000000000000e+02, 0.,
       5.6489607217985767e+03, 5.9950000000000000e+02, 0., 0., 1. ]
vec_dist_coeff: !!opencv-matrix
   rows: 1
   cols: 5
   dt: d
   data: [ -1.3975552680282837e+00, 5.9707086683058812e+01, 0., 0.,
       -2.8050653146472946e+03 ]
